* OK AFMServer 0.6.3
1 SetRefreshMaps DISABLE
1 OK
2 Set3PointMeasurement DISABLE
2 OK
3 SetPointGrid 14.2899000000 14.3227700000 1.5042000000 1.5076600000 2 2 0.0000000000 BOOKWISE
3 OK 4

3 SetPointGrid 14.0392000000 13.9458550000 1.0028000000 0.7538300000 3 4 0.0000000000 BOOKWISE
3 OK 1

3 SetPointGrid 13.8386400000 13.8704720000 0.6016800000 0.6030640000 5 5 0.0000000000 BOOKWISE
3 OK 3

4 SetExtraMap Height(Sen)
4 OK
5 EnableSpectralResponse
5 OK 1024 669.409 669.195 668.981 668.767 668.553 668.339 668.126 667.912 667.698 667.484 667.27 667.056 666.842 666.628 666.414 666.2 665.986 665.773 665.559 665.345 665.131 664.917 664.703 664.489 664.275 664.061 663.847 663.633 663.419 663.205 662.991 662.777 662.564 662.35 662.136 661.922 661.708 661.494 661.28 661.066 660.852 660.638 660.424 660.21 659.996 659.782 659.568 659.354 659.14 658.926 658.712 658.498 658.284 658.07 657.857 657.643 657.429 657.215 657.001 656.787 656.573 656.359 656.145 655.931 655.717 655.503 655.289 655.075 654.861 654.647 654.433 654.219 654.005 653.791 653.577 653.363 653.149 652.935 652.721 652.507 652.293 652.079 651.865 651.651 651.437 651.223 651.009 650.795 650.581 650.367 650.153 649.939 649.725 649.511 649.297 649.083 648.869 648.655 648.441 648.227 648.013 647.798 647.584 647.37 647.156 646.942 646.728 646.514 646.3 646.086 645.872 645.658 645.444 645.23 645.016 644.802 644.588 644.374 644.16 643.946 643.732 643.518 643.304 643.089 642.875 642.661 642.447 642.233 642.019 641.805 641.591 641.377 641.163 640.949 640.735 640.521 640.307 640.093 639.878 639.664 639.45 639.236 639.022 638.808 638.594 638.38 638.166 637.952 637.738 637.523 637.309 637.095 636.881 636.667 636.453 636.239 636.025 635.811 635.597 635.383 635.168 634.954 634.74 634.526 634.312 634.098 633.884 633.67 633.456 633.241 633.027 632.813 632.599 632.385 632.171 631.957 631.743 631.528 631.314 631.1 630.886 630.672 630.458 630.244 630.03 629.815 629.601 629.387 629.173 628.959 628.745 628.531 628.316 628.102 627.888 627.674 627.46 627.246 627.032 626.817 626.603 626.389 626.175 625.961 625.747 625.532 625.318 625.104 624.89 624.676 624.462 624.247 624.033 623.819 623.605 623.391 623.177 622.962 622.748 622.534 622.32 622.106 621.892 621.677 621.463 621.249 621.035 620.821 620.607 620.392 620.178 619.964 619.75 619.536 619.321 619.107 618.893 618.679 618.465 618.25 618.036 617.822 617.608 617.394 617.179 616.965 616.751 616.537 616.323 616.108 615.894 615.68 615.466 615.251 615.037 614.823 614.609 614.395 614.18 613.966 613.752 613.538 613.323 613.109 612.895 612.681 612.467 612.252 612.038 611.824 611.61 611.395 611.181 610.967 610.753 610.538 610.324 610.11 609.896 609.681 609.467 609.253 609.039 608.824 608.61 608.396 608.182 607.967 607.753 607.539 607.325 607.11 606.896 606.682 606.468 606.253 606.039 605.825 605.611 605.396 605.182 604.968 604.753 604.539 604.325 604.111 603.896 603.682 603.468 603.253 603.039 602.825 602.611 602.396 602.182 601.968 601.753 601.539 601.325 601.111 600.896 600.682 600.468 600.253 600.039 599.825 599.611 599.396 599.182 598.968 598.753 598.539 598.325 598.11 597.896 597.682 597.468 597.253 597.039 596.825 596.61 596.396 596.182 595.967 595.753 595.539 595.324 595.11 594.896 594.681 594.467 594.253 594.038 593.824 593.61 593.395 593.181 592.967 592.752 592.538 592.324 592.109 591.895 591.681 591.466 591.252 591.038 590.823 590.609 590.395 590.18 589.966 589.752 589.537 589.323 589.109 588.894 588.68 588.465 588.251 588.037 587.822 587.608 587.394 587.179 586.965 586.751 586.536 586.322 586.107 585.893 585.679 585.464 585.25 585.036 584.821 584.607 584.392 584.178 583.964 583.749 583.535 583.321 583.106 582.892 582.677 582.463 582.249 582.034 581.82 581.605 581.391 581.177 580.962 580.748 580.534 580.319 580.105 579.89 579.676 579.461 579.247 579.033 578.818 578.604 578.389 578.175 577.961 577.746 577.532 577.317 577.103 576.889 576.674 576.46 576.245 576.031 575.817 575.602 575.388 575.173 574.959 574.744 574.53 574.316 574.101 573.887 573.672 573.458 573.243 573.029 572.815 572.6 572.386 572.171 571.957 571.742 571.528 571.313 571.099 570.885 570.67 570.456 570.241 570.027 569.812 569.598 569.383 569.169 568.955 568.74 568.526 568.311 568.097 567.882 567.668 567.453 567.239 567.024 566.81 566.595 566.381 566.167 565.952 565.738 565.523 565.309 565.094 564.88 564.665 564.451 564.236 564.022 563.807 563.593 563.378 563.164 562.949 562.735 562.521 562.306 562.091 561.877 561.663 561.448 561.234 561.019 560.805 560.59 560.376 560.161 559.947 559.732 559.518 559.303 559.089 558.874 558.66 558.445 558.231 558.016 557.802 557.587 557.373 557.158 556.944 556.729 556.515 556.3 556.086 555.871 555.656 555.442 555.227 555.013 554.798 554.584 554.369 554.155 553.94 553.726 553.511 553.297 553.082 552.868 552.653 552.439 552.224 552.01 551.795 551.581 551.366 551.151 550.937 550.722 550.508 550.293 550.079 549.864 549.65 549.435 549.221 549.006 548.792 548.577 548.362 548.148 547.933 547.719 547.504 547.29 547.075 546.861 546.646 546.431 546.217 546.002 545.788 545.573 545.359 545.144 544.93 544.715 544.5 544.286 544.071 543.857 543.642 543.428 543.213 542.998 542.784 542.569 542.355 542.14 541.926 541.711 541.496 541.282 541.067 540.853 540.638 540.423 540.209 539.994 539.78 539.565 539.351 539.136 538.921 538.707 538.492 538.278 538.063 537.848 537.634 537.419 537.205 536.99 536.775 536.561 536.346 536.132 535.917 535.702 535.488 535.273 535.059 534.844 534.629 534.415 534.2 533.986 533.771 533.556 533.342 533.127 532.912 532.698 532.483 532.269 532.054 531.839 531.625 531.41 531.196 530.981 530.766 530.552 530.337 530.122 529.908 529.693 529.479 529.264 529.049 528.835 528.62 528.405 528.191 527.976 527.761 527.547 527.332 527.118 526.903 526.688 526.474 526.259 526.044 525.83 525.615 525.4 525.186 524.971 524.756 524.542 524.327 524.112 523.898 523.683 523.469 523.254 523.039 522.825 522.61 522.395 522.181 521.966 521.751 521.537 521.322 521.107 520.893 520.678 520.463 520.249 520.034 519.819 519.605 519.39 519.175 518.961 518.746 518.531 518.317 518.102 517.887 517.673 517.458 517.243 517.029 516.814 516.599 516.384 516.17 515.955 515.74 515.526 515.311 515.096 514.882 514.667 514.452 514.238 514.023 513.808 513.594 513.379 513.164 512.949 512.735 512.52 512.305 512.091 511.876 511.661 511.447 511.232 511.017 510.802 510.588 510.373 510.158 509.944 509.729 509.514 509.299 509.085 508.87 508.655 508.441 508.226 508.011 507.796 507.582 507.367 507.152 506.938 506.723 506.508 506.293 506.079 505.864 505.649 505.435 505.22 505.005 504.79 504.576 504.361 504.146 503.931 503.717 503.502 503.287 503.072 502.858 502.643 502.428 502.214 501.999 501.784 501.569 501.355 501.14 500.925 500.71 500.496 500.281 500.066 499.851 499.637 499.422 499.207 498.992 498.778 498.563 498.348 498.133 497.919 497.704 497.489 497.274 497.06 496.845 496.63 496.415 496.201 495.986 495.771 495.556 495.342 495.127 494.912 494.697 494.482 494.268 494.053 493.838 493.623 493.409 493.194 492.979 492.764 492.549 492.335 492.12 491.905 491.69 491.476 491.261 491.046 490.831 490.617 490.402 490.187 489.972 489.757 489.543 489.328 489.113 488.898 488.683 488.469 488.254 488.039 487.824 487.609 487.395 487.18 486.965 486.75 486.536 486.321 486.106 485.891 485.676 485.462 485.247 485.032 484.817 484.602 484.388 484.173 483.958 483.743 483.528 483.314 483.099 482.884 482.669 482.454 482.239 482.025 481.81 481.595 481.38 481.165 480.951 480.736 480.521 480.306 480.091 479.876 479.662 479.447 479.232 479.017 478.802 478.588 478.373 478.158 477.943 477.728 477.513 477.299 477.084 476.869 476.654 476.439 476.224 476.01 475.795 475.58 475.365 475.15 474.935 474.721 474.506 474.291 474.076 473.861 473.646 473.432 473.217 473.002 472.787 472.572 472.357 472.143 471.928 471.713 471.498 471.283 471.068 470.853 470.639 470.424 470.209 469.994 469.779 469.564 469.35 469.135 468.92 468.705 468.49 468.275 468.06 467.846 467.631 467.416 467.201 466.986 466.771 466.556 466.341 466.127 465.912 465.697 465.482 465.267 465.052 464.837 464.623 464.408 464.193 463.978 463.763 463.548 463.333 463.118 462.904 462.689 462.474 462.259 462.044 461.829 461.614 461.399 461.185 460.97 460.755 460.54 460.325 460.11 459.895 459.68 459.465 459.251 459.036 458.821 458.606 458.391 458.176 457.961 457.746 457.531 457.317 457.102 456.887 456.672 456.457 456.242 456.027 455.812 455.597 455.383 455.168 454.953 454.738 454.523 454.308 454.093 453.878 453.663 453.448 453.233 453.019 452.804 452.589 452.374 452.159 451.944 451.729 451.514 451.299 451.084 450.869 450.655 450.44 450.225 450.01
6 GetRamanParam LaserWavelength
6 632.79
7 SetRamanParams 1.0000 1
7 OK
8 GetRamanParam Binning
8 1
9 GetRamanParam Spectro
9 560.161
10 GetRamanParam AcquisitionTime
10 1

11 StartRamanMeasurement 0 12305.978158593
11 StartRamanMeasurement 0 2129.3413678411
11 StartRamanMeasurement 0




11 OK 1024 168 169 169 169 171 168 169 169 168 168 169 173 173 170 167 170 171 168 167 169 171 169 169 173 170 169 172 169 170 171 169 167 171 169 168 173 171 170 169 171 167 171 169 169 172 173 167 171 173 170 171 170 172 169 170 170 167 170 172 172 170 173 167 168 167 172 168 172 168 167 171 167 170 166 169 165 169 171 168 167 170 170 170 172 173 171 169 167 171 171 173 171 172 171 172 168 169 170 170 171 173 171 173 168 171 168 169 173 168 171 170 170 173 171 167 171 171 171 173 171 177 169 170 174 171 171 171 171 167 171 171 170 170 170 168 171 168 171 171 168 170 172 168 168 170 174 169 167 168 168 173 171 169 171 170 172 167 175 172 170 171 171 169 170 172 171 172 169 172 172 169 171 173 168 168 173 168 176 170 172 171 173 169 175 171 171 171 171 169 172 172 170 171 172 167 171 168 170 169 171 173 173 174 172 170 172 171 174 173 173 171 175 169 170 170 169 176 170 173 172 174 171 177 171 172 171 172 170 172 170 172 174 167 172 170 169 171 171 168 171 171 168 170 169 169 176 170 176 169 171 171 169 172 174 171 170 172 175 172 172 172 171 175 172 176 173 175 166 171 167 175 177 172 173 169 170 170 174 172 174 172 171 173 174 172 172 171 175 171 169 174 168 170 170 171 171 170 171 172 176 172 174 170 172 170 168 173 173 169 175 174 171 173 174 169 170 175 173 168 172 173 172 172 176 169 174 177 178 174 171 176 166 175 172 171 171 172 174 171 170 172 178 176 170 174 172 173 172 177 178 170 173 172 171 170 173 171 175 177 175 178 173 184 170 167 173 170 172 167 173 173 172 174 175 173 166 169 170 172 175 171 169 171 170 171 170 172 175 172 170 174 174 174 172 172 169 169 173 175 173 175 172 177 172 168 175 175 175 172 171 176 175 178 176 178 174 172 171 175 174 169 171 173 173 177 171 175 173 171 170 171 169 176 174 177 170 170 173 173 174 170 172 176 175 172 176 176 174 170 170 175 178 174 173 173 173 170 172 173 175 174 177 171 172 175 173 170 174 170 171 173 170 171 173 172 178 174 171 178 172 176 176 175 172 173 173 175 172 173 177 175 169 173 170 177 176 172 170 176 174 170 177 173 173 180 172 171 172 179 174 173 173 175 174 174 171 168 169 171 173 171 170 172 175 171 171 168 175 176 176 174 168 172 170 179 174 173 174 171 175 175 173 175 175 171 170 176 173 177 176 173 172 173 174 175 171 172 173 172 173 176 175 174 174 179 173 172 177 173 174 171 173 171 175 174 169 169 179 172 176 175 175 174 171 175 173 169 175 170 172 174 171 176 174 167 175 173 178 175 173 171 175 172 171 180 176 176 174 173 176 175 169 171 176 174 175 175 175 172 175 176 170 176 171 175 173 171 173 169 173 174 173 173 175 171 173 172 171 175 178 173 174 175 172 170 171 171 177 172 176 173 172 170 170 173 174 172 174 167 172 172 171 174 170 175 170 173 174 175 170 175 170 172 175 170 175 172 174 166 174 171 171 173 172 171 172 175 172 171 173 173 170 169 170 174 168 171 173 172 173 169 170 174 173 171 172 171 175 169 168 174 171 171 172 172 176 172 173 171 174 172 171 175 171 167 173 170 174 169 173 167 172 170 171 173 174 171 174 170 170 173 172 169 171 172 170 170 169 174 171 172 172 172 170 173 172 174 174 169 166 171 172 172 172 167 169 173 170 176 173 168 172 171 171 169 171 169 172 171 168 172 169 171 169 168 174 169 169 174 169 175 167 168 173 172 174 170 179 171 168 170 172 170 174 173 175 167 168 170 168 175 169 167 167 167 170 168 171 172 172 171 171 171 170 169 171 167 170 171 174 172 169 171 167 172 171 171 168 170 172 166 172 169 170 173 167 176 173 174 172 171 169 165 171 168 172 170 172 169 172 169 169 169 170 167 170 164 172 170 165 173 172 167 173 172 171 172 171 171 169 166 174 171 169 171 170 174 173 169 172 171 170 172 167 172 170 164 175 173 168 172 173 171 172 171 169 169 173 168 177 172 172 166 169 170 168 171 171 168 172 168 171 173 170 169 167 169 171 166 168 172 169 168 170 169 169 168 173 171 172 168 169 174 170 176 170 171 171 170 171 172 169 169 169 171 171 169 168 173 172 167 172 171 169 169 174 170 169 171 171 169 171 167 169 168 175 170 167 169 175 171 171 173 171 175 171 168 169 171 170 172 174 174 172 173 169 172 174 173 168 170 170 173 171 172 171 168 172 170 173 168 169 170 171 168 172 172 171 175 169 168 170 170 170
12 StartRamanMeasurement 1 12306.052158594
12 OK 1024 169 166 168 167 171 169 163 167 168 171 170 170 166 166 169 170 170 168 168 172 170 163 169 167 164 169 169 168 167 172 170 174 167 172 169 170 170 171 171 167 171 171 172 171 169 167 174 167 173 172 167 174 169 167 170 171 170 171 171 171 166 170 169 172 172 172 169 168 169 168 169 170 170 165 172 174 174 170 169 173 172 171 171 174 170 171 168 173 170 172 168 169 172 172 169 173 173 172 174 170 169 172 168 170 172 168 169 168 173 167 170 168 171 170 171 169 168 173 171 172 171 172 174 169 171 172 174 174 169 170 166 170 169 173 172 169 170 170 171 167 167 171 170 169 171 168 171 172 170 173 171 169 171 171 174 168 172 171 167 170 173 171 169 171 167 173 171 173 171 173 173 171 169 170 170 171 172 170 170 173 172 175 171 173 175 173 175 171 170 169 169 169 169 168 169 169 171 170 171 171 174 175 174 171 171 167 174 177 171 173 175 171 171 174 173 175 172 177 171 174 171 174 175 171 171 169 169 168 171 173 172 175 171 171 172 172 172 172 168 173 173 169 172 171 173 172 172 170 169 171 174 167 174 169 176 175 170 172 173 173 168 172 172 173 169 170 175 173 173 168 174 170 177 174 172 175 166 175 168 171 170 172 171 171 167 173 173 165 179 172 172 178 171 172 173 171 175 171 175 178 170 173 172 170 174 171 174 172 169 177 175 168 173 171 169 176 173 169 172 176 175 175 176 171 176 175 173 173 172 175 175 176 173 174 171 175 175 170 172 175 170 173 175 167 174 169 174 172 171 170 176 172 170 174 174 171 174 172 171 174 173 175 168 172 174 172 172 172 174 170 171 167 175 173 170 171 176 169 172 167 170 174 171 172 171 172 170 172 168 170 173 172 171 173 175 174 171 171 171 171 172 173 170 170 172 169 172 172 175 168 173 176 176 171 174 170 174 172 174 178 177 172 173 174 174 174 175 175 171 169 174 172 171 173 174 172 176 171 169 178 178 170 171 171 171 175 169 175 175 170 174 174 175 171 176 171 171 171 175 172 172 170 169 171 170 175 172 170 171 171 173 171 171 175 174 174 173 172 173 175 177 170 170 177 172 172 173 175 175 173 173 172 177 172 176 170 173 174 170 168 171 178 170 170 175 172 176 175 170 171 176 174 172 167 172 173 169 172 174 178 176 173 174 174 171 172 173 173 180 173 170 172 171 165 171 170 175 175 172 174 174 173 174 169 176 172 170 175 174 170 170 173 173 173 176 174 173 177 171 172 174 171 176 174 169 172 168 172 169 173 173 176 172 173 171 180 167 174 168 171 175 171 173 170 170 174 174 173 178 174 171 172 175 171 175 176 173 173 175 175 173 176 172 169 173 174 175 167 175 171 177 173 175 170 174 175 168 168 175 173 171 172 171 171 171 178 174 168 172 175 170 176 171 171 175 174 171 172 170 172 170 175 167 173 172 177 173 172 174 175 167 171 174 171 175 171 175 170 175 175 175 175 172 172 174 172 171 169 169 172 171 172 170 171 173 170 170 174 172 174 175 171 175 170 170 170 164 167 168 169 169 171 174 173 168 175 174 169 172 170 174 167 173 173 173 171 170 171 167 171 172 173 169 171 172 172 166 174 174 175 176 168 172 171 171 165 174 174 171 174 170 171 166 170 170 173 172 171 171 170 172 172 173 171 171 174 172 175 165 168 173 171 170 169 170 169 172 170 171 168 171 175 171 167 169 170 168 171 169 173 167 170 169 170 170 173 170 171 168 171 169 172 169 170 169 169 169 173 166 170 166 171 168 169 169 174 174 170 169 173 173 168 169 169 171 167 166 167 172 170 170 172 175 171 171 172 167 170 170 170 173 168 168 174 167 168 170 166 172 175 170 169 171 171 174 170 165 174 170 171 170 167 167 167 167 172 169 171 170 171 166 170 171 170 170 169 171 172 171 173 169 169 170 171 171 170 170 168 168 171 170 170 167 168 168 169 171 170 171 170 168 172 170 173 166 171 170 168 165 169 169 171 170 172 168 168 171 171 166 172 170 169 171 168 170 170 168 171 169 170 175 170 170 170 167 169 174 169 170 173 170 171 168 174 167 173 169 172 167 171 173 169 169 170 168 170 168 167 173 171 170 170 169 170 167 171 169 170 173 173 174 169 168 174 173 167 172 168 171 173 170 169 168 170 168 170 168 175 174 173 174 172 172 169 171 169 172 173 171 163 171 170 175 171 170 169 169 170 171 171 175 173 167 167 170 170 169 171 170 171 172 171 170 176 170 168 170 172 167 171 171 170 172 168 173 170 175 176 176 166 172 172 170 171
13 StartRamanMeasurement 2 12305.75615859
13 OK 1024 170 169 170 168 169 168 172 168 168 165 167 166 170 169 167 165 167 170 170 171 170 171 167 175 169 168 169 169 173 169 173 171 166 166 168 172 170 172 173 172 174 166 175 171 171 169 172 172 171 170 170 167 172 170 168 172 168 174 169 169 169 172 167 166 171 171 169 173 170 173 172 171 167 171 170 170 173 170 168 167 169 169 173 165 170 171 169 170 170 166 170 169 175 172 171 168 171 173 170 168 169 170 170 172 176 170 166 174 172 166 174 168 167 169 171 168 169 172 172 170 171 171 174 168 172 167 174 170 173 169 169 174 168 170 172 170 172 171 168 170 170 175 170 173 174 170 168 172 171 171 171 168 172 171 171 173 173 169 171 170 169 173 169 166 166 175 172 170 174 171 171 172 172 175 172 171 173 170 172 169 173 174 166 170 174 170 173 179 168 173 175 173 175 171 174 171 176 171 172 172 171 166 168 171 169 174 174 171 171 168 176 169 172 173 173 170 172 173 169 170 170 170 172 169 175 171 167 170 171 177 171 168 173 167 173 170 175 172 172 170 167 174 171 173 172 172 170 172 174 170 169 172 173 171 169 172 170 169 173 171 174 167 169 175 173 169 167 167 173 174 169 170 175 173 174 176 175 172 175 171 171 175 174 173 169 170 174 171 169 174 178 172 174 177 169 171 169 174 174 173 171 170 170 172 171 172 174 174 172 175 174 174 169 172 173 171 170 169 171 171 172 173 173 174 177 171 177 171 176 175 172 170 173 175 170 172 169 171 168 172 171 173 172 180 171 170 174 172 172 175 175 168 172 171 175 172 170 170 173 170 174 173 175 173 168 172 173 172 177 175 172 175 179 176 172 171 173 172 176 173 171 170 174 173 174 172 171 172 172 169 172 168 175 174 175 171 172 173 170 173 170 172 174 175 171 172 168 174 169 175 174 171 175 175 169 174 176 168 176 173 173 171 171 176 172 171 168 175 174 173 174 169 175 172 172 176 171 174 172 176 171 173 173 171 177 173 172 175 172 177 174 172 171 173 171 178 171 171 165 175 171 172 169 170 170 182 172 170 174 170 171 175 172 170 179 171 170 172 173 174 170 176 175 171 175 174 171 174 169 172 175 172 174 167 176 173 171 175 173 174 176 173 173 171 174 173 174 176 177 171 172 176 172 173 170 174 169 171 174 174 179 173 174 173 174 170 175 174 173 174 170 168 178 173 173 171 173 172 171 172 171 176 170 174 173 171 174 175 175 175 170 174 171 170 176 170 175 171 174 171 175 170 175 174 173 177 174 178 172 173 174 172 176 171 175 171 175 174 173 171 175 172 171 176 175 169 175 169 171 172 173 174 177 172 169 175 172 173 174 176 172 173 175 172 174 172 171 168 175 173 168 169 170 172 172 171 174 172 170 171 171 175 170 174 175 174 174 172 170 172 171 168 175 172 170 172 177 179 175 174 169 172 172 170 167 175 176 171 176 175 172 174 176 171 171 172 175 172 176 173 170 166 175 169 173 171 171 172 172 174 176 174 174 170 168 171 172 175 169 174 172 169 171 176 172 167 178 171 170 172 174 172 176 172 171 171 171 171 168 174 168 172 172 174 172 172 166 172 175 173 171 171 169 170 172 175 173 174 172 174 168 168 172 172 172 168 172 171 173 173 169 174 169 174 169 169 172 169 172 173 175 170 172 167 169 173 170 169 174 167 172 168 170 169 175 167 174 170 173 169 173 164 167 174 176 172 170 169 170 171 171 171 171 173 173 171 170 172 169 168 169 170 167 175 168 165 168 172 172 172 171 170 173 174 173 175 173 171 171 171 170 170 172 166 168 169 168 170 170 165 166 170 169 169 168 172 171 170 167 171 170 170 171 170 168 170 167 171 171 170 169 169 171 170 172 170 168 174 171 169 170 170 169 172 169 170 167 169 171 167 169 174 168 172 169 169 170 167 168 171 171 168 169 172 167 174 171 173 171 170 168 169 172 171 170 173 170 172 172 169 168 171 166 168 171 167 169 167 168 168 166 168 170 169 171 175 171 171 173 168 170 164 171 169 167 172 174 170 171 170 171 172 169 168 169 171 167 170 170 168 169 167 167 167 175 172 172 171 174 169 166 169 175 169 172 170 173 171 167 169 175 171 168 173 176 169 170 174 171 169 168 173 172 167 169 169 169 175 170 168 169 170 173 169 172 171 170 171 168 170 174 173 171 167 171 172 170 171 169 168 171 170 170 169 170 170 167 172 170 170 170 170 171 171 169 173 168 172 174 167 171 170 171 169 167 167 168 168 168 174 170 174 171 173 170 170 170 174 172 169 170 171 172 170
14 StartRamanMeasurement 3 12305.608158588
14 OK 1024 166 167 167 166 171 167 171 167 171 170 170 173 165 169 170 164 168 168 170 171 171 169 166 166 170 171 171 168 171 168 168 173 166 167 167 168 170 166 167 166 168 172 172 170 171 168 172 168 171 169 170 167 169 168 172 170 171 174 169 175 173 172 172 172 169 171 167 171 166 170 167 166 172 169 170 175 168 167 173 176 170 171 171 172 173 164 172 171 170 170 168 170 173 166 171 168 171 170 172 168 171 171 171 169 171 174 169 173 170 170 169 168 175 166 169 169 172 170 170 167 167 170 167 169 171 171 171 171 170 169 170 174 173 169 171 173 169 169 170 166 168 173 168 166 171 167 167 167 171 173 170 170 169 170 170 171 167 170 173 167 176 167 173 167 171 173 166 171 169 171 168 173 171 171 175 168 174 168 172 168 168 171 173 172 167 173 175 167 168 171 171 171 169 168 166 172 174 174 171 171 175 173 167 175 172 170 171 174 169 175 172 173 171 173 170 171 170 170 175 169 173 173 173 171 176 169 173 171 176 169 172 176 171 173 166 171 173 171 173 172 169 170 170 172 167 174 175 175 176 174 167 174 175 168 171 171 175 173 168 172 175 179 171 169 170 175 174 171 172 173 172 170 174 173 174 170 174 179 173 172 171 177 169 173 171 173 175 171 170 174 167 172 172 169 174 173 172 171 171 170 172 169 169 170 171 172 172 169 171 170 172 168 173 172 170 170 173 175 174 173 171 175 171 175 177 175 170 172 170 172 174 172 174 174 173 173 170 173 173 172 173 173 167 171 172 169 172 173 173 173 174 174 175 179 173 171 179 170 168 170 172 171 176 175 173 173 175 170 170 174 177 170 169 175 174 171 171 172 172 170 170 175 172 172 167 172 173 171 175 171 169 173 173 171 169 171 176 171 175 171 169 170 171 172 168 173 171 174 172 169 171 169 176 172 171 172 175 170 172 172 170 175 172 177 169 174 172 173 170 168 174 175 171 168 169 171 173 172 172 173 173 171 170 178 176 172 169 175 174 174 169 169 169 173 171 171 173 176 171 175 174 172 171 172 173 171 176 174 173 173 174 173 174 175 172 172 168 174 177 175 169 178 171 170 170 177 171 174 173 174 168 168 180 172 167 171 174 173 171 173 175 170 173 175 172 171 169 172 172 175 170 177 174 175 177 173 168 172 173 171 174 178 172 172 169 175 170 175 171 174 174 176 170 178 171 175 170 175 175 175 175 172 173 173 172 174 177 176 175 175 171 176 172 175 175 173 170 171 170 168 175 174 176 172 172 171 169 171 169 177 172 171 175 173 174 175 174 173 175 173 175 176 175 175 172 175 174 172 174 175 173 168 174 176 171 171 173 176 171 173 169 172 174 172 173 173 176 172 173 176 171 174 173 170 171 172 171 169 172 174 168 171 171 177 170 173 170 172 170 171 172 170 175 175 172 168 173 170 173 179 173 171 171 171 175 174 172 174 171 167 175 174 171 173 172 171 170 174 171 173 174 177 173 172 175 174 171 172 175 174 173 178 170 170 176 174 171 170 170 172 180 171 172 174 169 174 171 174 170 169 171 170 174 171 168 169 173 172 174 168 173 176 169 175 169 171 176 168 176 173 171 174 169 170 173 170 173 169 169 165 167 172 170 171 168 167 172 171 170 175 171 173 172 168 170 168 168 174 169 176 173 171 172 170 171 169 169 172 171 168 174 170 169 175 177 170 174 172 171 173 173 172 173 170 167 172 172 171 168 171 167 172 169 170 170 172 169 169 170 169 169 171 168 168 169 171 166 171 173 169 168 168 168 173 167 174 171 168 171 169 170 170 171 171 175 167 169 171 167 170 170 171 172 171 171 167 171 173 166 167 173 170 171 168 172 164 172 172 178 167 170 169 169 168 170 173 169 169 170 167 172 169 172 170 171 166 171 170 171 169 172 169 168 171 170 171 171 167 172 169 171 168 169 170 168 168 167 166 172 170 167 171 169 167 167 165 171 170 173 166 170 171 170 169 169 170 174 168 168 171 165 168 174 171 170 169 172 171 168 167 167 169 168 169 168 166 171 168 167 166 171 168 171 171 168 172 167 172 168 169 168 169 169 168 171 171 173 171 171 169 169 170 176 172 171 169 172 171 173 172 171 170 167 169 166 168 169 172 171 171 172 168 171 171 171 171 170 168 173 169 170 165 170 172 169 170 168 173 168 168 173 168 170 168 169 171 171 174 171 171 168 167 169 172 173 176 172 170 174 170 170 171 175 171 169 171 174 167 168 167 173 174 171 169 168 172 171 172 172 175 170 172 167 171 167 173 172 172 170 173 169 173 169 170
15 logout
15 OK
